# time_signature=4
# dominant_major=normal
# factor2_orientation=
# filter_percent=±10.000%
# base_avg_corrected=118.02
# avg_kept_corrected=118.02
# usable_base_bpm=117.45
# usable_count=105
# total_bars=105
# bpm_charts_threshold=135.0
# double_bpm_chart_adjusted=True
corrected_bar_num	bar_num	corrected_downbeat_time(s)	next_downbeat_time(s)	duration_s	tempo_bpm	usable	bpm_threshold	action	removed_downbeat_time(s)	inserted_downbeat_time(s)
1	1	0.069660	2.113016	2.043356	117.45	1	none	unchanged		
2	2	2.113016	4.133152	2.020136	118.80	1	none	unchanged		
3	3	4.133152	6.176508	2.043356	117.45	1	none	unchanged		
4	4	6.176508	8.219864	2.043356	117.45	1	none	unchanged		
5	5	8.219864	10.240000	2.020136	118.80	1	none	unchanged		
6	6	10.240000	12.283356	2.043356	117.45	1	none	unchanged		
7	7	12.283356	14.303492	2.020136	118.80	1	none	unchanged		
8	8	14.303492	16.346848	2.043356	117.45	1	none	unchanged		
9	9	16.346848	18.366984	2.020136	118.80	1	none	unchanged		
10	10	18.366984	20.410340	2.043356	117.45	1	none	unchanged		
11	11	20.410340	22.453696	2.043356	117.45	1	none	unchanged		
12	12	22.453696	24.473832	2.020136	118.80	1	none	unchanged		
13	13	24.473832	26.517188	2.043356	117.45	1	none	unchanged		
14	14	26.517188	28.560544	2.043356	117.45	1	none	unchanged		
15	15	28.560544	30.580680	2.020136	118.80	1	none	unchanged		
16	16	30.580680	32.624036	2.043356	117.45	1	none	unchanged		
17	17	32.624036	34.644172	2.020136	118.80	1	none	unchanged		
18	18	34.644172	36.687528	2.043356	117.45	1	none	unchanged		
19	19	36.687528	38.707664	2.020136	118.80	1	none	unchanged		
20	20	38.707664	40.751020	2.043356	117.45	1	none	unchanged		
21	21	40.751020	42.771156	2.020136	118.80	1	none	unchanged		
22	22	42.771156	44.814512	2.043356	117.45	1	none	unchanged		
23	23	44.814512	46.834649	2.020137	118.80	1	none	unchanged		
24	24	46.834649	48.878005	2.043356	117.45	1	none	unchanged		
25	25	48.878005	50.921361	2.043356	117.45	1	none	unchanged		
26	26	50.921361	52.941497	2.020136	118.80	1	none	unchanged		
27	27	52.941497	54.984853	2.043356	117.45	1	none	unchanged		
28	28	54.984853	57.028209	2.043356	117.45	1	none	unchanged		
29	29	57.028209	59.048345	2.020136	118.80	1	none	unchanged		
30	30	59.048345	61.091701	2.043356	117.45	1	none	unchanged		
31	31	61.091701	63.135057	2.043356	117.45	1	none	unchanged		
32	32	63.135057	65.155193	2.020136	118.80	1	none	unchanged		
33	33	65.155193	67.198549	2.043356	117.45	1	none	unchanged		
34	34	67.198549	69.218685	2.020136	118.80	1	none	unchanged		
35	35	69.218685	71.262041	2.043356	117.45	1	none	unchanged		
36	36	71.262041	73.305397	2.043356	117.45	1	none	unchanged		
37	37	73.305397	75.325533	2.020136	118.80	1	none	unchanged		
38	38	75.325533	77.368889	2.043356	117.45	1	none	unchanged		
39	39	77.368889	79.389025	2.020136	118.80	1	none	unchanged		
40	40	79.389025	81.432381	2.043356	117.45	1	none	unchanged		
41	41	81.432381	83.452517	2.020136	118.80	1	none	unchanged		
42	42	83.452517	85.495873	2.043356	117.45	1	none	unchanged		
43	43	85.495873	87.539229	2.043356	117.45	1	none	unchanged		
44	44	87.539229	89.559365	2.020136	118.80	1	none	unchanged		
45	45	89.559365	91.602721	2.043356	117.45	1	none	unchanged		
46	46	91.602721	93.622857	2.020136	118.80	1	none	unchanged		
47	47	93.622857	95.666213	2.043356	117.45	1	none	unchanged		
48	48	95.666213	97.709569	2.043356	117.45	1	none	unchanged		
49	49	97.709569	99.729705	2.020136	118.80	1	none	unchanged		
50	50	99.729705	101.773061	2.043356	117.45	1	none	unchanged		
51	51	101.773061	103.793197	2.020136	118.80	1	none	unchanged		
52	52	103.793197	105.836553	2.043356	117.45	1	none	unchanged		
53	53	105.836553	107.856689	2.020136	118.80	1	none	unchanged		
54	54	107.856689	109.900045	2.043356	117.45	1	none	unchanged		
55	55	109.900045	111.943401	2.043356	117.45	1	none	unchanged		
56	56	111.943401	113.963537	2.020136	118.80	1	none	unchanged		
57	57	113.963537	116.006893	2.043356	117.45	1	none	unchanged		
58	58	116.006893	118.050249	2.043356	117.45	1	none	unchanged		
59	59	118.050249	120.070385	2.020136	118.80	1	none	unchanged		
60	60	120.070385	122.113741	2.043356	117.45	1	none	unchanged		
61	61	122.113741	124.133878	2.020137	118.80	1	none	unchanged		
62	62	124.133878	126.177234	2.043356	117.45	1	none	unchanged		
63	63	126.177234	128.197370	2.020136	118.80	1	none	unchanged		
64	64	128.197370	130.240726	2.043356	117.45	1	none	unchanged		
65	65	130.240726	132.284082	2.043356	117.45	1	none	unchanged		
66	66	132.284082	134.304218	2.020136	118.80	1	none	unchanged		
67	67	134.304218	136.347574	2.043356	117.45	1	none	unchanged		
68	68	136.347574	138.367710	2.020136	118.80	1	none	unchanged		
69	69	138.367710	140.411066	2.043356	117.45	1	none	unchanged		
70	70	140.411066	142.454422	2.043356	117.45	1	none	unchanged		
71	71	142.454422	144.474558	2.020136	118.80	1	none	unchanged		
72	72	144.474558	146.517914	2.043356	117.45	1	none	unchanged		
73	73	146.517914	148.538050	2.020136	118.80	1	none	unchanged		
74	74	148.538050	150.581406	2.043356	117.45	1	none	unchanged		
75	75	150.581406	152.624762	2.043356	117.45	1	none	unchanged		
76	76	152.624762	154.644898	2.020136	118.80	1	none	unchanged		
77	77	154.644898	156.688254	2.043356	117.45	1	none	unchanged		
78	78	156.688254	158.708390	2.020136	118.80	1	none	unchanged		
79	79	158.708390	160.751746	2.043356	117.45	1	none	unchanged		
80	80	160.751746	162.795102	2.043356	117.45	1	none	unchanged		
81	81	162.795102	164.815238	2.020136	118.80	1	none	unchanged		
82	82	164.815238	166.858594	2.043356	117.45	1	none	unchanged		
83	83	166.858594	168.878730	2.020136	118.80	1	none	unchanged		
84	84	168.878730	170.922086	2.043356	117.45	1	none	unchanged		
85	85	170.922086	172.942222	2.020136	118.80	1	none	unchanged		
86	86	172.942222	174.985578	2.043356	117.45	1	none	unchanged		
87	87	174.985578	177.028934	2.043356	117.45	1	none	unchanged		
88	88	177.028934	179.072290	2.043356	117.45	1	none	unchanged		
89	89	179.072290	181.092426	2.020136	118.80	1	none	unchanged		
90	90	181.092426	183.112562	2.020136	118.80	1	none	unchanged		
91	91	183.112562	185.155918	2.043356	117.45	1	none	unchanged		
92	92	185.155918	187.199274	2.043356	117.45	1	none	unchanged		
93	93	187.199274	189.219410	2.020136	118.80	1	none	unchanged		
94	94	189.219410	191.262766	2.043356	117.45	1	none	unchanged		
95	95	191.262766	193.282902	2.020136	118.80	1	none	unchanged		
96	96	193.282902	195.326259	2.043357	117.45	1	none	unchanged		
97	97	195.326259	197.369615	2.043356	117.45	1	none	unchanged		
98	98	197.369615	199.389751	2.020136	118.80	1	none	unchanged		
99	99	199.389751	201.433107	2.043356	117.45	1	none	unchanged		
100	100	201.433107	203.476463	2.043356	117.45	1	none	unchanged		
101	101	203.476463	205.496599	2.020136	118.80	1	none	unchanged		
102	102	205.496599	207.539955	2.043356	117.45	1	none	unchanged		
103	103	207.539955	209.560091	2.020136	118.80	1	none	unchanged		
104	104	209.560091	211.580227	2.020136	118.80	1	none	unchanged		
105	105	211.580227	213.600363	2.020136	118.80	1	none	unchanged		
