beat_time(s)	downbeat_time(s)	beat_pos	global_beat	bar_num
0.394739	0.000000	0	0	0
1.230658	0.000000	0	1	0
2.020136	0.000000	0	2	0
2.879274	2.879274	1	3	1
3.691973	2.879274	2	4	1
4.527891	2.879274	3	5	1
5.340590	2.879274	4	6	1
6.176508	6.176508	1	7	2
6.965986	6.176508	2	8	2
7.825125	6.176508	3	9	2
8.637823	6.176508	4	10	2
9.450522	9.450522	1	11	3
10.263220	9.450522	2	12	3
11.099138	9.450522	3	13	3
11.935057	9.450522	4	14	3
12.840635	12.840635	1	15	4
13.699773	12.840635	2	16	4
14.419592	12.840635	3	17	4
15.278730	12.840635	4	18	4
16.114649	12.840635	5	19	4
16.950567	16.532608	1	20	5
17.716825	16.532608	2	21	5
18.552744	16.532608	3	22	5
19.388662	16.532608	4	23	5
20.062041	19.899501	1	24	6
20.688980	19.899501	2	25	6
21.501678	19.899501	3	26	6
22.291156	19.899501	4	27	6
23.150295	23.150295	1	28	7
23.939773	23.150295	2	29	7
24.613152	23.150295	3	30	7
25.449070	23.150295	4	31	7
26.261769	26.261769	1	32	8
27.074467	26.261769	2	33	8
27.933605	26.261769	3	34	8
28.746304	26.261769	4	35	8
29.559002	26.261769	5	36	8
30.394921	29.582222	1	37	9
31.207619	29.582222	2	38	9
32.020317	29.582222	3	39	9
32.856236	32.856236	1	40	10
33.668934	32.856236	2	41	10
34.504853	32.856236	3	42	10
35.317551	32.856236	4	43	10
36.153469	36.153469	1	44	11
36.966168	36.153469	2	45	11
37.778866	36.153469	3	46	11
38.591565	36.153469	4	47	11
39.427483	39.427483	1	48	12
40.263401	39.427483	2	49	12
41.076100	39.427483	3	50	12
41.912018	39.427483	4	51	12
42.724717	42.724717	1	52	13
43.560635	42.724717	2	53	13
44.373333	42.724717	3	54	13
45.186032	42.724717	4	55	13
45.998730	45.998730	1	56	14
46.834649	45.998730	2	57	14
47.647347	45.998730	3	58	14
48.460045	45.998730	4	59	14
49.295964	49.295964	1	60	15
50.108662	49.295964	2	61	15
50.944580	49.295964	3	62	15
51.757279	49.295964	4	63	15
52.593197	52.593197	1	64	16
53.382676	52.593197	2	65	16
54.241814	52.593197	3	66	16
55.008073	52.593197	4	67	16
55.495692	52.593197	5	68	16
55.890431	55.890431	1	69	17
56.285170	55.890431	2	70	17
56.703129	55.890431	3	71	17
57.097868	55.890431	4	72	17
57.515828	55.890431	5	73	17
57.910567	55.890431	6	74	17
58.351746	55.890431	7	75	17
58.769705	55.890431	8	76	17
59.164444	59.164444	1	77	18
59.582404	59.164444	2	78	18
60.023583	59.164444	3	79	18
60.418322	59.164444	4	80	18
60.813061	59.164444	5	81	18
61.184580	59.164444	6	82	18
61.625760	59.164444	7	83	18
62.043719	59.164444	8	84	18
62.438458	62.415238	1	85	19
62.879637	62.415238	2	86	19
63.274376	62.415238	3	87	19
63.692336	62.415238	4	88	19
64.087075	62.415238	5	89	19
64.505034	62.415238	6	90	19
64.899773	62.415238	7	91	19
65.317732	62.415238	8	92	19
65.712472	65.712472	1	93	20
66.130431	65.712472	2	94	20
66.525170	65.712472	3	95	20
66.943129	65.712472	4	96	20
67.337868	65.712472	5	97	20
67.755828	65.712472	6	98	20
68.173787	65.712472	7	99	20
68.591746	65.712472	8	100	20
68.986485	68.986485	1	101	21
69.404444	68.986485	2	102	21
69.799184	68.986485	3	103	21
70.217143	68.986485	4	104	21
70.611882	68.986485	5	105	21
71.053061	68.986485	6	106	21
71.447800	68.986485	7	107	21
71.865760	68.986485	8	108	21
72.283719	72.283719	1	109	22
72.701678	72.283719	2	110	22
73.096417	72.283719	3	111	22
73.560816	72.283719	4	112	22
73.955556	72.283719	5	113	22
74.350295	72.283719	6	114	22
74.768254	72.283719	7	115	22
75.162993	72.283719	8	116	22
75.580952	75.580952	1	117	23
75.975692	75.580952	2	118	23
76.393651	75.580952	3	119	23
76.788390	75.580952	4	120	23
77.229569	75.580952	5	121	23
77.624308	75.580952	6	122	23
78.042268	75.580952	7	123	23
78.460227	75.580952	8	124	23
78.854966	78.854966	1	125	24
79.296145	78.854966	2	126	24
79.714104	78.854966	3	127	24
80.108844	78.854966	4	128	24
80.526803	78.854966	5	129	24
80.967982	78.854966	6	130	24
81.339501	78.854966	7	131	24
81.757460	78.854966	8	132	24
82.175420	82.175420	1	133	25
82.593379	82.175420	2	134	25
83.057778	82.175420	3	135	25
83.824036	82.175420	4	136	25
84.636735	82.175420	5	137	25
85.472653	85.472653	1	138	26
86.262132	85.472653	2	139	26
87.121270	85.472653	3	140	26
87.933968	85.472653	4	141	26
88.746667	88.746667	1	142	27
89.559365	88.746667	2	143	27
90.395283	88.746667	3	144	27
91.207982	88.746667	4	145	27
92.020680	92.020680	1	146	28
92.856599	92.020680	2	147	28
93.692517	92.020680	3	148	28
94.505215	92.020680	4	149	28
95.341134	95.341134	1	150	29
96.153832	95.341134	2	151	29
96.966531	95.341134	3	152	29
97.802449	95.341134	4	153	29
98.615147	98.615147	1	154	30
99.427846	98.615147	2	155	30
100.263764	98.615147	3	156	30
101.076463	98.615147	4	157	30
101.912381	101.912381	1	158	31
102.725079	101.912381	2	159	31
103.560998	101.912381	3	160	31
104.373696	101.912381	4	161	31
105.186395	105.186395	1	162	32
106.022313	105.186395	2	163	32
106.835011	105.186395	3	164	32
107.670930	105.186395	4	165	32
108.483628	108.483628	1	166	33
109.296327	108.483628	2	167	33
110.132245	108.483628	3	168	33
110.944943	108.483628	4	169	33
111.757642	111.757642	1	170	34
112.593560	111.757642	2	171	34
113.406259	111.757642	3	172	34
114.265397	111.757642	4	173	34
115.054875	115.054875	1	174	35
115.890794	115.054875	2	175	35
116.703492	115.054875	3	176	35
117.516190	115.054875	4	177	35
118.328889	118.328889	1	178	36
119.164807	118.328889	2	179	36
119.977506	118.328889	3	180	36
120.813424	118.328889	4	181	36
121.626122	121.626122	1	182	37
122.462041	121.626122	2	183	37
123.274739	121.626122	3	184	37
124.110658	121.626122	4	185	37
124.923356	124.923356	1	186	38
125.736054	124.923356	2	187	38
126.571973	124.923356	3	188	38
127.384671	124.923356	4	189	38
128.197370	128.197370	1	190	39
129.033288	128.197370	2	191	39
129.845986	128.197370	3	192	39
130.658685	128.197370	4	193	39
131.494603	131.494603	1	194	40
132.307302	131.494603	2	195	40
133.143220	131.494603	3	196	40
133.955918	131.494603	4	197	40
134.768617	134.768617	1	198	41
135.256236	134.768617	2	199	41
136.045714	134.768617	3	200	41
136.835193	134.768617	4	201	41
137.671111	137.647891	1	202	42
138.507029	137.647891	2	203	42
139.319728	137.647891	3	204	42
140.132426	137.647891	4	205	42
140.945125	140.945125	1	206	43
141.757823	140.945125	2	207	43
142.570522	140.945125	3	208	43
143.383220	140.945125	4	209	43
144.242358	144.242358	1	210	44
145.055057	144.242358	2	211	44
145.867755	144.242358	3	212	44
146.657234	144.242358	4	213	44
147.539592	147.539592	1	214	45
148.352290	147.539592	2	215	45
149.234649	147.539592	3	216	45
150.233107	147.539592	4	217	45
151.208345	151.161905	1	218	46
152.021043	151.161905	2	219	46
152.880181	151.161905	3	220	46
153.692880	151.161905	4	221	46
154.505578	154.505578	1	222	47
155.341497	154.505578	2	223	47
156.154195	154.505578	3	224	47
156.943673	154.505578	4	225	47
157.779592	157.779592	1	226	48
158.615510	157.779592	2	227	48
159.428209	157.779592	3	228	48
160.264127	157.779592	4	229	48
161.076825	161.076825	1	230	49
161.912744	161.076825	2	231	49
162.725442	161.076825	3	232	49
163.538141	161.076825	4	233	49
164.374059	164.374059	1	234	50
165.186757	164.374059	2	235	50
165.999456	164.374059	3	236	50
166.835374	164.374059	4	237	50
167.648073	167.648073	1	238	51
168.483991	167.648073	2	239	51
169.296689	167.648073	3	240	51
170.132608	167.648073	4	241	51
170.945306	170.945306	1	242	52
171.758005	170.945306	2	243	52
172.593923	170.945306	3	244	52
173.406621	170.945306	4	245	52
174.219320	174.219320	1	246	53
175.055238	174.219320	2	247	53
175.867937	174.219320	3	248	53
176.703855	174.219320	4	249	53
177.516553	177.516553	1	250	54
178.329252	177.516553	2	251	54
179.165170	177.516553	3	252	54
179.977868	177.516553	4	253	54
180.790567	180.790567	1	254	55
181.626485	180.790567	2	255	55
182.439184	180.790567	3	256	55
183.251882	180.790567	4	257	55
184.064580	184.064580	1	258	56
184.900499	184.064580	2	259	56
185.736417	184.064580	3	260	56
186.525896	184.064580	4	261	56
187.385034	187.385034	1	262	57
188.197732	187.385034	2	263	57
189.010431	187.385034	3	264	57
189.799909	187.385034	4	265	57
190.659048	187.385034	5	266	57
191.471746	190.682268	1	267	58
192.284444	190.682268	2	268	58
193.120363	190.682268	3	269	58
193.933061	193.933061	1	270	59
194.768980	193.933061	2	271	59
195.604898	193.933061	3	272	59
196.417596	193.933061	4	273	59
197.230295	197.230295	1	274	60
198.066213	197.230295	2	275	60
198.902132	197.230295	3	276	60
199.714830	197.230295	4	277	60
200.527528	200.527528	1	278	61
201.340227	200.527528	2	279	61
202.176145	200.527528	3	280	61
203.012063	200.527528	4	281	61
203.824762	203.801542	1	282	62
204.637460	203.801542	2	283	62
205.473379	203.801542	3	284	62
206.286077	203.801542	4	285	62
207.098776	207.098776	1	286	63
207.911474	207.098776	2	287	63
208.747392	207.098776	3	288	63
209.560091	207.098776	4	289	63
210.396009	210.396009	1	290	64
211.208707	210.396009	2	291	64
212.044626	210.396009	3	292	64
212.880544	210.396009	4	293	64
213.693243	213.693243	1	294	65
214.505941	213.693243	2	295	65
215.341859	213.693243	3	296	65
216.154558	213.693243	4	297	65
216.967256	216.967256	1	298	66
217.803175	216.967256	2	299	66
218.615873	216.967256	3	300	66
219.451791	216.967256	4	301	66
220.264490	220.264490	1	302	67
221.100408	220.264490	2	303	67
221.913107	220.264490	3	304	67
222.725805	220.264490	4	305	67
223.561723	223.561723	1	306	68
224.374422	223.561723	2	307	68
225.187120	223.561723	3	308	68
225.999819	223.561723	4	309	68
226.812517	226.812517	1	310	69
227.671655	226.812517	2	311	69
228.484354	226.812517	3	312	69
229.297052	226.812517	4	313	69
230.109751	230.109751	1	314	70
230.945669	230.109751	2	315	70
231.758367	230.109751	3	316	70
232.571066	230.109751	4	317	70
233.383764	233.383764	1	318	71
234.219683	233.383764	2	319	71
235.032381	233.383764	3	320	71
235.845079	233.383764	4	321	71
236.704218	236.704218	1	322	72
237.516916	236.704218	2	323	72
238.352834	236.704218	3	324	72
239.165533	236.704218	4	325	72
239.978231	239.978231	1	326	73
240.814150	239.978231	2	327	73
241.626848	239.978231	3	328	73
242.462766	239.978231	4	329	73
243.275465	243.275465	1	330	74
244.088163	243.275465	2	331	74
244.924082	243.275465	3	332	74
245.736780	243.275465	4	333	74
246.549478	246.549478	1	334	75
247.385397	246.549478	2	335	75
248.198095	246.549478	3	336	75
249.034014	246.549478	4	337	75
249.846712	249.846712	1	338	76
250.659410	249.846712	2	339	76
251.495329	249.846712	3	340	76
252.331247	249.846712	4	341	76
253.143946	253.143946	1	342	77
253.956644	253.143946	2	343	77
254.792562	253.143946	3	344	77
255.605261	253.143946	4	345	77
256.417959	256.417959	1	346	78
257.253878	256.417959	2	347	78
258.066576	256.417959	3	348	78
258.925714	256.417959	4	349	78
259.715193	259.691973	1	350	79
260.551111	259.691973	2	351	79
261.363810	259.691973	3	352	79
262.153288	259.691973	4	353	79
262.989206	262.989206	1	354	80
263.825125	262.989206	2	355	80
264.661043	262.989206	3	356	80
265.473741	262.989206	4	357	80
266.286440	266.286440	1	358	81
267.122358	266.286440	2	359	81
267.935057	266.286440	3	360	81
268.747755	266.286440	4	361	81
269.583673	269.583673	1	362	82
270.396372	269.583673	2	363	82
271.232290	269.583673	3	364	82
272.044989	269.583673	4	365	82
272.880907	272.880907	1	366	83
273.693605	272.880907	2	367	83
274.529524	272.880907	3	368	83
275.319002	272.880907	4	369	83
